5
8
4
3
3
0
8
2
1
9
9
0
9
0
6
7
9
5
0
1
3
2
6
1
9
9
3
1
1
1
9
0
2
6
6
8
0
2
7
5
9
4
7
0
5
2
6
9
4
3
5
1
4
2
4
3
0
8
8
3
3
4
8
9
4
5
0
7
3
3
1
3
6
4
3
3
2
4
7
1
7
3
7
9
4
2
3
5
0
0
3
9
9
1
7
0
2
1
3
7
128
272
531
427
908
947
247
691
977
664
173
42
677
868
893
107
327
153
490
462
319
51
32
711
280
744
368
195
42
37
529
355
832
685
589
458
51
532
85
665
369
970
106
777
886
836
753
608
309
12
594
988
875
144
422
949
240
744
106
648
51
1
100
909
0
39
640
578
289
951
200
688
335
954
590
395
35
293
767
496
965
269
319
526
807
816
906
343
184
695
438
880
145
280
323
260
101
368
43
415
