7
0
8
1
2
3
3
7
0
7
1
1
1
6
0
3
5
2
5
6
5
9
4
5
2
2
8
7
5
1
2
7
5
9
2
2
7
0
6
7
3
4
4
7
8
6
7
6
1
4
3
3
9
4
6
7
7
9
1
5
7
7
0
1
0
0
8
5
0
9
3
3
6
3
7
9
5
8
4
4
6
9
8
3
6
8
5
9
2
0
2
7
7
1
8
6
3
5
6
3
514
559
230
103
416
598
838
623
1
806
533
310
927
499
47
272
439
758
175
413
560
7
899
999
865
292
650
835
775
164
849
150
404
332
565
725
459
277
50
425
560
825
250
957
325
152
490
37
270
243
78
781
782
620
629
99
147
904
143
338
740
378
339
20
962
318
268
555
332
158
955
772
813
292
809
136
9
5
75
296
701
606
680
661
443
318
678
690
965
248
880
126
377
339
956
113
882
399
936
507
