8
9
8
6
4
4
9
7
1
5
5
6
8
0
1
7
1
2
1
0
4
6
0
5
3
7
6
7
0
5
9
1
2
1
6
7
3
3
7
4
4
3
6
3
8
7
7
3
4
5
6
6
7
8
9
8
5
0
7
8
3
6
9
8
2
5
1
8
2
5
0
7
9
1
3
8
9
7
3
7
2
9
1
5
3
0
8
1
2
9
9
7
4
0
4
6
6
0
3
5
677
60
470
1
103
426
27
973
466
176
923
722
989
521
720
584
91
253
596
701
455
351
350
96
69
795
868
365
500
642
539
381
639
787
17
274
906
528
572
892
898
410
75
979
525
338
74
161
745
726
891
475
945
555
935
444
137
229
437
878
970
296
265
758
641
290
710
450
162
984
30
202
859
818
381
177
99
491
910
14
801
408
269
891
176
669
668
993
232
678
497
190
384
977
21
429
967
294
855
832
